0.05291005291005291 0.15249266862170088 1
0.040858318636096416 0.2595307917888563 0
0.027630805408583186 0.34457478005865105 0
0.010875955320399765 0.42961876832844575 0
0.04144620811287478 0.2624633431085044 1
0.041740152851263965 0.5601173020527859 0
0.1387419165196943 0.2126099706744868 1
0.11669606114050558 0.2991202346041056 0
0.09200470311581423 0.3709677419354839 0
0.052322163433274546 0.4574780058651026 0
0.0890652557319224 0.14222873900293256 1
0.08935920047031158 0.5087976539589443 0
0.14638447971781304 0.5087976539589443 0
0.14667842445620224 0.3651026392961877 0
0.08024691358024691 0.5395894428152492 1
0.0805408583186361 0.8709677419354839 0
0.00823045267489712 0.658357771260997 1
0.15490887713109935 0.6598240469208211 0
0.19077013521457967 0.29765395894428154 1
0.1919459141681364 0.5586510263929618 0
0.19135802469135801 0.3020527859237537 1
0.3030570252792475 0.30498533724340177 0
0.3030570252792475 0.5586510263929618 0
0.19223985890652556 0.5601173020527859 1
0.30335097001763667 0.5601173020527859 0
0.24603174603174602 0.14076246334310852 1
0.24632569077013522 0.8592375366568915 0
0.4024103468547913 0.16715542521994134 1
0.38771310993533215 0.19208211143695014 0
0.366549088771311 0.218475073313783 0
0.3447971781305115 0.2316715542521994 0
0.37977660199882424 0.20381231671554254 1
0.37918871252204583 0.8680351906158358 0
0.34244562022339803 0.3944281524926686 1
0.4112286890064668 0.39002932551319647 0
0.37889476778365666 0.4178885630498534 1
0.3683127572016461 0.530791788856305 0
0.3556731334509112 0.624633431085044 0
0.339212228101117 0.7199413489736071 0
0.38242210464432685 0.4780058651026393 1
0.3921222810111699 0.5058651026392962 0
0.3994708994708995 0.5425219941348973 0
0.4041740152851264 0.5821114369501467 0
0.4194591416813639 0.24633431085043989 1
0.4271017048794827 0.2727272727272727 0
0.43386243386243384 0.31085043988269795 0
0.43738977072310403 0.34750733137829914 0
0.41857730746619637 0.4398826979472141 1
0.4265138154027043 0.4750733137829912 0
0.43239271017048797 0.5175953079178885 0
0.43445032333921224 0.5527859237536656 0
0.4018224573780129 0.6612903225806451 1
0.48677248677248675 0.5733137829912024 0
0.45943562610229277 0.14076246334310852 1
0.4600235155790711 0.8768328445747801 0
0.5085243974132863 0.3225806451612903 1
0.5687830687830688 0.32111436950146627 0
0.5393885949441505 0.13636363636363635 1
0.5393885949441505 0.8607038123167156 0
0.5120517342739564 0.8020527859237536 0
0.5102880658436214 0.5777126099706745 1
0.5684891240446796 0.4501466275659824 0
0.5737801293356849 0.32111436950146627 1
0.65108759553204 0.3196480938416422 0
0.6067019400352733 0.14222873900293256 1
0.6072898295120517 0.4750733137829912 0
0.5731922398589065 0.4780058651026393 1
0.6355085243974132 0.4706744868035191 0
0.6266901822457378 0.5850439882697948 0
0.6149323927101705 0.6818181818181818 0
0.5987654320987654 0.7580645161290323 0
0.5808348030570253 0.8123167155425219 0
0.567607289829512 0.844574780058651 0
0.5493827160493827 0.875366568914956 0
0.5796590241034686 0.47947214076246336 1
0.5887713109935332 0.5894428152492669 0
0.5993533215755438 0.6774193548387096 0
0.6102292768959435 0.750733137829912 0
0.623750734861846 0.8020527859237536 0
0.6490299823633157 0.8504398826979472 0
0.6778365667254557 0.3651026392961877 1
0.8206937095825985 0.3621700879765396 0
0.7448559670781894 0.1378299120234604 1
0.7451499118165785 0.4032258064516129 0
0.7410346854791299 0.5381231671554252 0
0.7342739564961788 0.6348973607038123 0
0.7210464432686655 0.7316715542521994 0
0.7037037037037037 0.8049853372434017 0
0.6893004115226338 0.8475073313782991 0
0.6734273956496178 0.8768328445747801 0
0.7463256907701352 0.3680351906158358 1
0.7566137566137566 0.5175953079178885 0
0.7671957671957672 0.6173020527859238 0
0.7801293356848913 0.7067448680351907 0
0.7965902410346855 0.781524926686217 0
0.8145208700764256 0.8299120234604106 0
0.8668430335097002 0.16129032258064516 1
0.8756613756613757 0.21114369501466276 0
0.8812463256907701 0.2565982404692082 0
0.884185773074662 0.31085043988269795 0
0.9012345679012346 0.1436950146627566 1
0.9077013521457966 0.18328445747800587 0
0.9124044679600235 0.23313782991202345 0
0.916519694297472 0.29472140762463345 0
0.9567901234567902 0.15542521994134897 1
0.935626102292769 0.34017595307917886 0
0.8568489124044679 0.31671554252199413 1
0.8568489124044679 0.36950146627565983 0
0.8556731334509112 0.41348973607038125 0
0.8533215755437977 0.45894428152492667 0
0.8580246913580247 0.3563049853372434 1
0.9779541446208113 0.3563049853372434 0
0.969429747207525 0.4090909090909091 0
0.9626690182245737 0.45454545454545453 0
0.8686067019400353 0.46774193548387094 1
0.948559670781893 0.4662756598240469 0
0.9174015285126397 0.5821114369501467 0
0.9159318048206937 0.8577712609970675 0
0.8868312757201646 0.8049853372434017 0
0.8442092886537331 0.6363636363636364 1
0.982363315696649 0.6290322580645161 0
